Precision: 0.9995678478824547
Accuracy: 0.99984375
Recall: 0.9987046632124352
F1 Score: 0.9991360691144708
