Precision: 0.9987201365187713
Accuracy: 0.9994140625
Recall: 0.9949001274968126
F1 Score: 0.9968064722163082
