Precision: 1.0
Accuracy: 0.9999609375
Recall: 0.999569151227919
F1 Score: 0.9997845291962939
