Precision: 0.9995722840034217
Accuracy: 0.9996484375
Recall: 0.9965884861407249
F1 Score: 0.9980781550288276
