Precision: 1.0
Accuracy: 0.99984375
Recall: 0.9982869379014989
F1 Score: 0.9991427346763824
