Precision: 0.9861910241657077
Accuracy: 0.99390625
Recall: 0.9913244650086755
F1 Score: 0.9887510816267667
