Precision: 0.9900351699882767
Accuracy: 0.9940625
Recall: 0.987719298245614
F1 Score: 0.9888758782201404
