Precision: 0.9924021040327294
Accuracy: 0.9953125
Recall: 0.9900874635568513
F1 Score: 0.9912434325744307
