Precision: 0.9976744186046511
Accuracy: 0.9984375
Recall: 0.9965156794425087
F1 Score: 0.9970947123765252
