Precision: 1.0
Accuracy: 0.9990625
Recall: 0.9965075669383003
F1 Score: 0.9982507288629737
