Precision: 0.9988331388564761
Accuracy: 0.999375
Recall: 0.9988331388564761
F1 Score: 0.9988331388564761
