Precision: 0.9988399071925754
Accuracy: 0.99875
Recall: 0.9965277777777778
F1 Score: 0.9976825028968713
