Precision: 0.9994162288382954
Accuracy: 0.999375
Recall: 0.9982507288629737
F1 Score: 0.9988331388564761
